8.778086504379569721e-01
9.864245873034533929e-01
5.236474521569228768e-01
5.855500579904837188e+00
4.272953423125841477e-01
4.434707613307939389e-01
-3.750112952334199723e-01
5.163935359802158259e-03
1.427517474678325904e-01
3.222205155209719729e-01
4.961445282816939195e-01
-2.371373702490406354e-01
-2.486259165943415783e-01
-1.458074513988868448e+00
-1.551015223598939397e-01
-7.487253109711551335e-01
8.891313927335526834e-01
-5.520057579894230987e-02
9.952161642651252693e-01
-6.551112255008586516e-01
-2.378185950718557429e+00
-2.068762075138772083e+00
8.315012068818877777e-01
-2.232584114670760345e-01
1.150635863471654474e+00
-3.813527493169062699e-01
-3.476383557116746736e-01
8.917407039885891784e-01
-2.000056724184063217e+00
-2.932581955701857312e-01
3.276294489370473739e-01
-1.135387273648445827e+00
2.974460540368865757e+00
4.043086768718127999e+00
-2.054731594756858737e+00
-2.368029173932833853e+00
-4.672719947511660421e-01
-1.619231143786675320e+00
8.708480287095018424e-01
-3.775461730638799640e+00
9.184127432746881370e-01
1.162251019476983949e+00
8.018251002704991637e-02
-1.605431697749584163e-01
4.946998078689988088e-01
-1.486803710637911280e+00
-1.433046188219880790e+01
2.877575785265362729e-01
1.076525743706812532e+00
7.838325982053779839e-01
2.637819097357353426e-01
-2.400110511729520446e-01
-1.460695164389484435e-01
-1.197805249739325451e+00
2.665159639388813062e+00
-9.382946890761184600e-01
-3.483459026729508246e+00
2.132449484943958584e+00
9.016210552842391923e-01
-3.456628881698081135e-01
2.293648174005105123e-01
1.302968347810338767e-01
-6.711854555473296680e-01
4.686269069044352031e-02
-3.146087888064966087e+00
-2.771936086907682562e-01
-3.662699143460141915e-01
-1.841645107217288135e+00
-4.852332908984945958e-01
-1.749698440910834041e+00
3.029307672135033158e-01
7.320181627207718034e-01
-9.269447244911346306e-01
-1.365597851634985815e+00
-6.429507879939339032e-01
1.895457917261570868e+00
-2.754557133692077664e-01
-2.011326805515771365e+00
4.513790680892025564e-02
-4.876764954081127534e+00
-2.373572541875997866e-01
1.949188463354813439e-01
-5.409219794054335173e-01
2.028478995136826946e+00
2.014231019645936094e+00
-1.386425015605246225e+00
-1.655644459538325730e+00
-9.421138680511168539e-01
-1.853646418702257881e+00
7.807741067673907853e-01
2.213749205181370971e+00
2.165225672089653997e-01
2.579385123123984602e+00
-3.687735818552040357e-01
1.549785024687261537e+00
-2.287976269791109463e+00
1.699351474999699851e+00
-4.142720791968370619e+00
-1.138446213882871261e+00
1.960862270643438654e+00
-7.507308658354325814e-01
-5.061068583314344282e-01
1.598835003834535140e+00
-5.655303182577541277e-01
-4.094618746169483181e+00
2.802003460107280741e-01
